0.0 [1, 0, 1, 0, 1, 0, 0, 0, 0, 0, 0, 0, 0, 0, 0, 0, 0, 0, 0, 0, 0, 0, 0, 0, 0, 0, 0, 0, 0, 0, 0, 0, 0, 0, 0, 0, 0, 0, 0, 0, 0, 0, 1] # RootA1:1,RootB1:1,RootC1:1,Pclear:1
0.8717238063049755 [1, 0, 1, 0, 1, 0, 0, 0, 0, 0, 0, 0, 0, 0, 1, 0, 1, 0, 0, 0, 0, 0, 0, 0, 0, 0, 0, 0, 0, 0, 0, 0, 0, 0, 0, 0, 0, 0, 0, 0, 0, 0, 1] # RootA1:1,RootB1:1,RootC1:1,PblkCA:1,PblkCB:1,Pclear:1
0.8805243458695129 [1, 0, 1, 0, 1, 0, 0, 0, 0, 0, 0, 0, 0, 0, 1, 0, 0, 1, 0, 0, 0, 0, 0, 0, 0, 0, 0, 0, 0, 0, 0, 0, 0, 0, 0, 0, 0, 0, 0, 0, 0, 0, 1] # RootA1:1,RootB1:1,RootC1:1,PblkCA:1,PconfirmCB:1,Pclear:1
0.8805243458695129 [1, 0, 0, 1, 1, 0, 0, 0, 0, 0, 0, 0, 0, 0, 1, 0, 0, 1, 0, 0, 0, 0, 0, 0, 0, 0, 0, 0, 0, 0, 0, 0, 0, 0, 0, 0, 0, 0, 0, 0, 0, 0, 1] # RootA1:1,RootB2:1,RootC1:1,PblkCA:1,PconfirmCB:1,Pclear:1
0.8805243458695129 [1, 0, 0, 1, 1, 0, 0, 0, 0, 0, 0, 0, 0, 0, 1, 0, 0, 0, 0, 0, 0, 0, 0, 0, 0, 0, 0, 0, 0, 0, 0, 0, 0, 0, 0, 0, 0, 0, 0, 0, 0, 0, 1] # RootA1:1,RootB2:1,RootC1:1,PblkCA:1,Pclear:1
0.8915392721388186 [1, 0, 0, 1, 1, 0, 0, 0, 0, 0, 0, 0, 0, 0, 0, 1, 0, 0, 0, 0, 0, 0, 0, 0, 0, 0, 0, 0, 0, 0, 0, 0, 0, 0, 0, 0, 0, 0, 0, 0, 0, 0, 1] # RootA1:1,RootB2:1,RootC1:1,PconfirmCA:1,Pclear:1
0.8915392721388186 [1, 0, 0, 1, 1, 0, 0, 0, 0, 0, 0, 0, 0, 0, 0, 0, 0, 0, 0, 0, 0, 0, 0, 0, 0, 0, 0, 0, 0, 0, 0, 0, 0, 0, 0, 0, 0, 0, 0, 0, 0, 0, 1] # RootA1:1,RootB2:1,RootC1:1,Pclear:1
1.842507082833003 [1, 0, 0, 1, 1, 0, 0, 0, 0, 0, 0, 0, 0, 0, 1, 0, 1, 0, 0, 0, 0, 0, 0, 0, 0, 0, 0, 0, 0, 0, 0, 0, 0, 0, 0, 0, 0, 0, 0, 0, 0, 0, 1] # RootA1:1,RootB2:1,RootC1:1,PblkCA:1,PblkCB:1,Pclear:1
1.8726036646404094 [1, 0, 0, 1, 1, 0, 0, 0, 0, 0, 0, 0, 0, 0, 1, 0, 0, 1, 0, 0, 0, 0, 0, 0, 0, 0, 0, 0, 0, 0, 0, 0, 0, 0, 0, 0, 0, 0, 0, 0, 0, 0, 1] # RootA1:1,RootB2:1,RootC1:1,PblkCA:1,PconfirmCB:1,Pclear:1
1.8726036646404094 [1, 0, 1, 0, 1, 0, 0, 0, 0, 0, 0, 0, 0, 0, 1, 0, 0, 1, 0, 0, 0, 0, 0, 0, 0, 0, 0, 0, 0, 0, 0, 0, 0, 0, 0, 0, 0, 0, 0, 0, 0, 0, 1] # RootA1:1,RootB1:1,RootC1:1,PblkCA:1,PconfirmCB:1,Pclear:1
1.8726036646404094 [1, 0, 1, 0, 1, 0, 0, 0, 0, 0, 0, 0, 0, 0, 1, 0, 0, 0, 0, 0, 0, 0, 0, 0, 0, 0, 0, 0, 0, 0, 0, 0, 0, 0, 0, 0, 0, 0, 0, 0, 0, 0, 1] # RootA1:1,RootB1:1,RootC1:1,PblkCA:1,Pclear:1
1.8859012742983219 [1, 0, 1, 0, 1, 0, 0, 0, 0, 0, 0, 0, 0, 0, 0, 1, 0, 0, 0, 0, 0, 0, 0, 0, 0, 0, 0, 0, 0, 0, 0, 0, 0, 0, 0, 0, 0, 0, 0, 0, 0, 0, 1] # RootA1:1,RootB1:1,RootC1:1,PconfirmCA:1,Pclear:1
1.8859012742983219 [1, 0, 1, 0, 1, 0, 0, 0, 0, 0, 0, 0, 0, 0, 0, 0, 0, 0, 0, 0, 0, 0, 0, 0, 0, 0, 0, 0, 0, 0, 0, 0, 0, 0, 0, 0, 0, 0, 0, 0, 0, 0, 1] # RootA1:1,RootB1:1,RootC1:1,Pclear:1
16.01117166589206 [1, 0, 1, 0, 1, 0, 1, 0, 1, 0, 0, 0, 0, 0, 0, 0, 0, 0, 0, 0, 0, 0, 0, 0, 0, 0, 0, 0, 0, 0, 0, 0, 0, 0, 0, 0, 0, 0, 0, 0, 0, 0, 1] # RootA1:1,RootB1:1,RootC1:1,PblkAB:1,PblkAC:1,Pclear:1
16.51596039701917 [1, 0, 1, 0, 1, 0, 0, 1, 1, 0, 0, 0, 0, 0, 0, 0, 0, 0, 0, 0, 0, 0, 0, 0, 0, 0, 0, 0, 0, 0, 0, 0, 0, 0, 0, 0, 0, 0, 0, 0, 0, 0, 1] # RootA1:1,RootB1:1,RootC1:1,PconfirmAB:1,PblkAC:1,Pclear:1
16.51596039701917 [1, 0, 1, 0, 1, 0, 0, 0, 1, 0, 0, 0, 0, 0, 0, 0, 0, 0, 0, 0, 0, 0, 0, 0, 0, 0, 0, 0, 0, 0, 0, 0, 0, 0, 0, 0, 0, 0, 0, 0, 0, 0, 1] # RootA1:1,RootB1:1,RootC1:1,PblkAC:1,Pclear:1
17.454837828371197 [1, 0, 1, 0, 1, 0, 1, 0, 2, 0, 0, 0, 0, 0, 0, 0, 0, 0, 0, 0, 0, 0, 0, 0, 0, 0, 0, 0, 0, 0, 0, 0, 0, 0, 0, 0, 0, 0, 0, 0, 0, 0, 1] # RootA1:1,RootB1:1,RootC1:1,PblkAB:1,PblkAC:2,Pclear:1
17.618646757601972 [1, 0, 1, 0, 1, 0, 0, 1, 2, 0, 0, 0, 0, 0, 0, 0, 0, 0, 0, 0, 0, 0, 0, 0, 0, 0, 0, 0, 0, 0, 0, 0, 0, 0, 0, 0, 0, 0, 0, 0, 0, 0, 1] # RootA1:1,RootB1:1,RootC1:1,PconfirmAB:1,PblkAC:2,Pclear:1
17.618646757601972 [1, 0, 1, 0, 1, 0, 0, 0, 2, 0, 0, 0, 0, 0, 0, 0, 0, 0, 0, 0, 0, 0, 0, 0, 0, 0, 0, 0, 0, 0, 0, 0, 0, 0, 0, 0, 0, 0, 0, 0, 0, 0, 1] # RootA1:1,RootB1:1,RootC1:1,PblkAC:2,Pclear:1
17.897369870368166 [1, 0, 1, 0, 1, 0, 0, 0, 1, 1, 0, 0, 0, 0, 0, 0, 0, 0, 0, 0, 0, 0, 0, 0, 0, 0, 0, 0, 0, 0, 0, 0, 0, 0, 0, 0, 0, 0, 0, 0, 0, 0, 1] # RootA1:1,RootB1:1,RootC1:1,PblkAC:1,PconfirmAC:1,Pclear:1
17.897369870368166 [1, 0, 1, 0, 0, 1, 0, 0, 1, 1, 0, 0, 0, 0, 0, 0, 0, 0, 0, 0, 0, 0, 0, 0, 0, 0, 0, 0, 0, 0, 0, 0, 0, 0, 0, 0, 0, 0, 0, 0, 0, 0, 1] # RootA1:1,RootB1:1,RootC2:1,PblkAC:1,PconfirmAC:1,Pclear:1
17.897369870368166 [1, 0, 1, 0, 1, 0, 0, 0, 1, 1, 0, 0, 0, 0, 0, 0, 0, 0, 0, 0, 0, 0, 0, 0, 0, 0, 0, 0, 0, 0, 0, 0, 0, 0, 0, 0, 0, 0, 0, 0, 0, 0, 1] # RootA1:1,RootB1:1,RootC1:1,PblkAC:1,PconfirmAC:1,Pclear:1
17.897369870368166 [1, 0, 1, 0, 0, 1, 0, 0, 1, 1, 0, 0, 0, 0, 0, 0, 0, 0, 0, 0, 0, 0, 0, 0, 0, 0, 0, 0, 0, 0, 0, 0, 0, 0, 0, 0, 0, 0, 0, 0, 0, 0, 1] # RootA1:1,RootB1:1,RootC2:1,PblkAC:1,PconfirmAC:1,Pclear:1
17.897369870368166 [1, 0, 1, 0, 0, 1, 0, 0, 1, 0, 0, 0, 0, 0, 0, 0, 0, 0, 0, 0, 0, 0, 0, 0, 0, 0, 0, 0, 0, 0, 0, 0, 0, 0, 0, 0, 0, 0, 0, 0, 0, 0, 1] # RootA1:1,RootB1:1,RootC2:1,PblkAC:1,Pclear:1
18.228986047453994 [1, 0, 1, 0, 0, 1, 0, 0, 1, 0, 1, 0, 1, 0, 0, 0, 0, 0, 0, 0, 0, 0, 0, 0, 0, 0, 0, 0, 0, 0, 0, 0, 0, 0, 0, 0, 0, 0, 0, 0, 0, 0, 1] # RootA1:1,RootB1:1,RootC2:1,PblkAC:1,PblkBA:1,PblkBC:1,Pclear:1
18.233641932463506 [1, 0, 1, 0, 0, 1, 0, 0, 1, 0, 0, 1, 1, 0, 0, 0, 0, 0, 0, 0, 0, 0, 0, 0, 0, 0, 0, 0, 0, 0, 0, 0, 0, 0, 0, 0, 0, 0, 0, 0, 0, 0, 1] # RootA1:1,RootB1:1,RootC2:1,PblkAC:1,PconfirmBA:1,PblkBC:1,Pclear:1
18.233641932463506 [0, 1, 1, 0, 0, 1, 0, 0, 0, 0, 0, 1, 1, 0, 0, 0, 0, 0, 0, 0, 0, 0, 0, 0, 0, 0, 0, 0, 0, 0, 0, 0, 0, 0, 0, 0, 0, 0, 0, 0, 0, 0, 1] # RootA2:1,RootB1:1,RootC2:1,PconfirmBA:1,PblkBC:1,Pclear:1
18.233641932463506 [1, 0, 1, 0, 0, 1, 0, 0, 0, 0, 0, 1, 1, 0, 0, 0, 0, 0, 0, 0, 0, 0, 0, 0, 0, 0, 0, 0, 0, 0, 0, 0, 0, 0, 0, 0, 0, 0, 0, 0, 0, 0, 1] # RootA1:1,RootB1:1,RootC2:1,PconfirmBA:1,PblkBC:1,Pclear:1
18.233641932463506 [1, 0, 1, 0, 0, 1, 0, 0, 0, 0, 0, 0, 1, 0, 0, 0, 0, 0, 0, 0, 0, 0, 0, 0, 0, 0, 0, 0, 0, 0, 0, 0, 0, 0, 0, 0, 0, 0, 0, 0, 0, 0, 1] # RootA1:1,RootB1:1,RootC2:1,PblkBC:1,Pclear:1
18.313507611921636 [1, 0, 1, 0, 0, 1, 0, 0, 0, 0, 0, 0, 0, 1, 0, 0, 0, 0, 0, 0, 0, 0, 0, 0, 0, 0, 0, 0, 0, 0, 0, 0, 0, 0, 0, 0, 0, 0, 0, 0, 0, 0, 1] # RootA1:1,RootB1:1,RootC2:1,PconfirmBC:1,Pclear:1
18.313507611921636 [1, 0, 1, 0, 1, 0, 0, 0, 0, 0, 0, 0, 0, 1, 0, 0, 0, 0, 0, 0, 0, 0, 0, 0, 0, 0, 0, 0, 0, 0, 0, 0, 0, 0, 0, 0, 0, 0, 0, 0, 0, 0, 1] # RootA1:1,RootB1:1,RootC1:1,PconfirmBC:1,Pclear:1
18.313507611921636 [1, 0, 1, 0, 0, 1, 0, 0, 0, 0, 0, 0, 0, 1, 0, 0, 0, 0, 0, 0, 0, 0, 0, 0, 0, 0, 0, 0, 0, 0, 0, 0, 0, 0, 0, 0, 0, 0, 0, 0, 0, 0, 1] # RootA1:1,RootB1:1,RootC2:1,PconfirmBC:1,Pclear:1
18.313507611921636 [1, 0, 1, 0, 0, 1, 0, 0, 0, 0, 0, 0, 0, 0, 0, 0, 0, 0, 0, 0, 0, 0, 0, 0, 0, 0, 0, 0, 0, 0, 0, 0, 0, 0, 0, 0, 0, 0, 0, 0, 0, 0, 1] # RootA1:1,RootB1:1,RootC2:1,Pclear:1
18.637364818600687 [1, 0, 1, 0, 0, 1, 1, 0, 1, 0, 0, 0, 0, 0, 0, 0, 0, 0, 0, 0, 0, 0, 0, 0, 0, 0, 0, 0, 0, 0, 0, 0, 0, 0, 0, 0, 0, 0, 0, 0, 0, 0, 1] # RootA1:1,RootB1:1,RootC2:1,PblkAB:1,PblkAC:1,Pclear:1
18.648121348394763 [1, 0, 1, 0, 0, 1, 0, 1, 1, 0, 0, 0, 0, 0, 0, 0, 0, 0, 0, 0, 0, 0, 0, 0, 0, 0, 0, 0, 0, 0, 0, 0, 0, 0, 0, 0, 0, 0, 0, 0, 0, 0, 1] # RootA1:1,RootB1:1,RootC2:1,PconfirmAB:1,PblkAC:1,Pclear:1
18.648121348394763 [1, 0, 1, 0, 0, 1, 0, 0, 1, 0, 0, 0, 0, 0, 0, 0, 0, 0, 0, 0, 0, 0, 0, 0, 0, 0, 0, 0, 0, 0, 0, 0, 0, 0, 0, 0, 0, 0, 0, 0, 0, 0, 1] # RootA1:1,RootB1:1,RootC2:1,PblkAC:1,Pclear:1
19.489632810553076 [1, 0, 1, 0, 0, 1, 0, 0, 0, 1, 0, 0, 0, 0, 0, 0, 0, 0, 0, 0, 0, 0, 0, 0, 0, 0, 0, 0, 0, 0, 0, 0, 0, 0, 0, 0, 0, 0, 0, 0, 0, 0, 1] # RootA1:1,RootB1:1,RootC2:1,PconfirmAC:1,Pclear:1
19.489632810553076 [1, 0, 1, 0, 0, 1, 0, 0, 0, 0, 0, 0, 0, 0, 0, 0, 0, 0, 0, 0, 0, 0, 0, 0, 0, 0, 0, 0, 0, 0, 0, 0, 0, 0, 0, 0, 0, 0, 0, 0, 0, 0, 1] # RootA1:1,RootB1:1,RootC2:1,Pclear:1
21.71554382089538 [1, 0, 1, 0, 0, 1, 0, 0, 0, 0, 1, 0, 1, 0, 0, 0, 0, 0, 0, 0, 0, 0, 0, 0, 0, 0, 0, 0, 0, 0, 0, 0, 0, 0, 0, 0, 0, 0, 0, 0, 0, 0, 1] # RootA1:1,RootB1:1,RootC2:1,PblkBA:1,PblkBC:1,Pclear:1
21.819230217597593 [1, 0, 1, 0, 0, 1, 0, 0, 0, 0, 1, 0, 0, 1, 0, 0, 0, 0, 0, 0, 0, 0, 0, 0, 0, 0, 0, 0, 0, 0, 0, 0, 0, 0, 0, 0, 0, 0, 0, 0, 0, 0, 1] # RootA1:1,RootB1:1,RootC2:1,PblkBA:1,PconfirmBC:1,Pclear:1
21.819230217597593 [1, 0, 1, 0, 1, 0, 0, 0, 0, 0, 1, 0, 0, 1, 0, 0, 0, 0, 0, 0, 0, 0, 0, 0, 0, 0, 0, 0, 0, 0, 0, 0, 0, 0, 0, 0, 0, 0, 0, 0, 0, 0, 1] # RootA1:1,RootB1:1,RootC1:1,PblkBA:1,PconfirmBC:1,Pclear:1
21.819230217597593 [1, 0, 1, 0, 0, 1, 0, 0, 0, 0, 1, 0, 0, 1, 0, 0, 0, 0, 0, 0, 0, 0, 0, 0, 0, 0, 0, 0, 0, 0, 0, 0, 0, 0, 0, 0, 0, 0, 0, 0, 0, 0, 1] # RootA1:1,RootB1:1,RootC2:1,PblkBA:1,PconfirmBC:1,Pclear:1
21.819230217597593 [1, 0, 1, 0, 1, 0, 0, 0, 0, 0, 1, 0, 0, 1, 0, 0, 0, 0, 0, 0, 0, 0, 0, 0, 0, 0, 0, 0, 0, 0, 0, 0, 0, 0, 0, 0, 0, 0, 0, 0, 0, 0, 1] # RootA1:1,RootB1:1,RootC1:1,PblkBA:1,PconfirmBC:1,Pclear:1
21.819230217597593 [1, 0, 1, 0, 1, 0, 0, 0, 0, 0, 1, 0, 0, 0, 0, 0, 0, 0, 0, 0, 0, 0, 0, 0, 0, 0, 0, 0, 0, 0, 0, 0, 0, 0, 0, 0, 0, 0, 0, 0, 0, 0, 1] # RootA1:1,RootB1:1,RootC1:1,PblkBA:1,Pclear:1
22.085904119139567 [1, 0, 1, 0, 1, 0, 0, 0, 0, 0, 0, 1, 0, 0, 0, 0, 0, 0, 0, 0, 0, 0, 0, 0, 0, 0, 0, 0, 0, 0, 0, 0, 0, 0, 0, 0, 0, 0, 0, 0, 0, 0, 1] # RootA1:1,RootB1:1,RootC1:1,PconfirmBA:1,Pclear:1
22.085904119139567 [0, 1, 1, 0, 1, 0, 0, 0, 0, 0, 0, 1, 0, 0, 0, 0, 0, 0, 0, 0, 0, 0, 0, 0, 0, 0, 0, 0, 0, 0, 0, 0, 0, 0, 0, 0, 0, 0, 0, 0, 0, 0, 1] # RootA2:1,RootB1:1,RootC1:1,PconfirmBA:1,Pclear:1
22.085904119139567 [0, 1, 1, 0, 1, 0, 0, 0, 0, 0, 0, 0, 0, 0, 0, 0, 0, 0, 0, 0, 0, 0, 0, 0, 0, 0, 0, 0, 0, 0, 0, 0, 0, 0, 0, 0, 0, 0, 0, 0, 0, 0, 1] # RootA2:1,RootB1:1,RootC1:1,Pclear:1
22.230897190257945 [0, 1, 1, 0, 1, 0, 0, 0, 0, 0, 0, 0, 0, 0, 0, 0, 0, 0, 0, 0, 0, 0, 0, 0, 1, 0, 1, 0, 0, 0, 0, 0, 0, 0, 0, 0, 0, 0, 0, 0, 0, 0, 1] # RootA2:1,RootB1:1,RootC1:1,PblkAB2:1,PblkAC2:1,Pclear:1
23.34826193729291 [0, 1, 1, 0, 1, 0, 0, 0, 0, 0, 1, 0, 1, 0, 0, 0, 0, 0, 0, 0, 0, 0, 0, 0, 1, 0, 1, 0, 0, 0, 0, 0, 0, 0, 0, 0, 0, 0, 0, 0, 0, 0, 1] # RootA2:1,RootB1:1,RootC1:1,PblkBA:1,PblkBC:1,PblkAB2:1,PblkAC2:1,Pclear:1
23.361693283595972 [0, 1, 1, 0, 1, 0, 0, 0, 0, 0, 0, 1, 1, 0, 0, 0, 0, 0, 0, 0, 0, 0, 0, 0, 1, 0, 1, 0, 0, 0, 0, 0, 0, 0, 0, 0, 0, 0, 0, 0, 0, 0, 1] # RootA2:1,RootB1:1,RootC1:1,PconfirmBA:1,PblkBC:1,PblkAB2:1,PblkAC2:1,Pclear:1
23.361693283595972 [0, 1, 1, 0, 1, 0, 0, 0, 0, 0, 0, 0, 1, 0, 0, 0, 0, 0, 0, 0, 0, 0, 0, 0, 1, 0, 1, 0, 0, 0, 0, 0, 0, 0, 0, 0, 0, 0, 0, 0, 0, 0, 1] # RootA2:1,RootB1:1,RootC1:1,PblkBC:1,PblkAB2:1,PblkAC2:1,Pclear:1
23.423805647772856 [0, 1, 1, 0, 1, 0, 0, 0, 0, 0, 0, 0, 0, 1, 0, 0, 0, 0, 0, 0, 0, 0, 0, 0, 1, 0, 1, 0, 0, 0, 0, 0, 0, 0, 0, 0, 0, 0, 0, 0, 0, 0, 1] # RootA2:1,RootB1:1,RootC1:1,PconfirmBC:1,PblkAB2:1,PblkAC2:1,Pclear:1
23.423805647772856 [0, 1, 1, 0, 1, 0, 0, 0, 0, 0, 0, 0, 0, 0, 0, 0, 0, 0, 0, 0, 0, 0, 0, 0, 1, 0, 1, 0, 0, 0, 0, 0, 0, 0, 0, 0, 0, 0, 0, 0, 0, 0, 1] # RootA2:1,RootB1:1,RootC1:1,PblkAB2:1,PblkAC2:1,Pclear:1
23.86738292985651 [0, 1, 1, 0, 1, 0, 0, 0, 0, 0, 0, 0, 0, 0, 0, 0, 0, 0, 0, 0, 0, 0, 0, 0, 2, 0, 2, 0, 0, 0, 0, 0, 0, 0, 0, 0, 0, 0, 0, 0, 0, 0, 1] # RootA2:1,RootB1:1,RootC1:1,PblkAB2:2,PblkAC2:2,Pclear:1
31.20422502429338 [0, 1, 1, 0, 1, 0, 0, 0, 0, 0, 0, 0, 0, 0, 0, 0, 0, 0, 0, 0, 0, 0, 0, 0, 3, 0, 3, 0, 0, 0, 0, 0, 0, 0, 0, 0, 0, 0, 0, 0, 0, 0, 1] # RootA2:1,RootB1:1,RootC1:1,PblkAB2:3,PblkAC2:3,Pclear:1
31.566684908026435 [0, 1, 1, 0, 1, 0, 0, 0, 0, 0, 0, 0, 0, 0, 0, 0, 0, 0, 0, 0, 0, 0, 0, 0, 4, 0, 4, 0, 0, 0, 0, 0, 0, 0, 0, 0, 0, 0, 0, 0, 0, 0, 1] # RootA2:1,RootB1:1,RootC1:1,PblkAB2:4,PblkAC2:4,Pclear:1
33.48569888602902 [0, 1, 1, 0, 1, 0, 0, 0, 0, 0, 1, 0, 1, 0, 0, 0, 0, 0, 0, 0, 0, 0, 0, 0, 4, 0, 4, 0, 0, 0, 0, 0, 0, 0, 0, 0, 0, 0, 0, 0, 0, 0, 1] # RootA2:1,RootB1:1,RootC1:1,PblkBA:1,PblkBC:1,PblkAB2:4,PblkAC2:4,Pclear:1
33.54614798607859 [0, 1, 1, 0, 1, 0, 0, 0, 0, 0, 1, 0, 0, 1, 0, 0, 0, 0, 0, 0, 0, 0, 0, 0, 4, 0, 4, 0, 0, 0, 0, 0, 0, 0, 0, 0, 0, 0, 0, 0, 0, 0, 1] # RootA2:1,RootB1:1,RootC1:1,PblkBA:1,PconfirmBC:1,PblkAB2:4,PblkAC2:4,Pclear:1
33.54614798607859 [0, 1, 1, 0, 1, 0, 0, 0, 0, 0, 1, 0, 0, 0, 0, 0, 0, 0, 0, 0, 0, 0, 0, 0, 4, 0, 4, 0, 0, 0, 0, 0, 0, 0, 0, 0, 0, 0, 0, 0, 0, 0, 1] # RootA2:1,RootB1:1,RootC1:1,PblkBA:1,PblkAB2:4,PblkAC2:4,Pclear:1
33.574723046446906 [0, 1, 1, 0, 1, 0, 0, 0, 0, 0, 0, 1, 0, 0, 0, 0, 0, 0, 0, 0, 0, 0, 0, 0, 4, 0, 4, 0, 0, 0, 0, 0, 0, 0, 0, 0, 0, 0, 0, 0, 0, 0, 1] # RootA2:1,RootB1:1,RootC1:1,PconfirmBA:1,PblkAB2:4,PblkAC2:4,Pclear:1
33.574723046446906 [0, 1, 1, 0, 1, 0, 0, 0, 0, 0, 0, 0, 0, 0, 0, 0, 0, 0, 0, 0, 0, 0, 0, 0, 4, 0, 4, 0, 0, 0, 0, 0, 0, 0, 0, 0, 0, 0, 0, 0, 0, 0, 1] # RootA2:1,RootB1:1,RootC1:1,PblkAB2:4,PblkAC2:4,Pclear:1
33.93895863977315 [0, 1, 1, 0, 1, 0, 0, 0, 0, 0, 0, 0, 0, 0, 0, 0, 0, 0, 0, 0, 0, 0, 0, 0, 5, 0, 5, 0, 0, 0, 0, 0, 0, 0, 0, 0, 0, 0, 0, 0, 0, 0, 1] # RootA2:1,RootB1:1,RootC1:1,PblkAB2:5,PblkAC2:5,Pclear:1
36.34757227635781 [0, 1, 1, 0, 1, 0, 0, 0, 0, 0, 0, 0, 0, 0, 0, 0, 0, 0, 0, 0, 0, 0, 0, 0, 6, 0, 6, 0, 0, 0, 0, 0, 0, 0, 0, 0, 0, 0, 0, 0, 0, 0, 1] # RootA2:1,RootB1:1,RootC1:1,PblkAB2:6,PblkAC2:6,Pclear:1
36.913940528015345 [0, 1, 1, 0, 1, 0, 0, 0, 0, 0, 1, 0, 1, 0, 0, 0, 0, 0, 0, 0, 0, 0, 0, 0, 6, 0, 6, 0, 0, 0, 0, 0, 0, 0, 0, 0, 0, 0, 0, 0, 0, 0, 1] # RootA2:1,RootB1:1,RootC1:1,PblkBA:1,PblkBC:1,PblkAB2:6,PblkAC2:6,Pclear:1
36.92993168315573 [0, 1, 1, 0, 1, 0, 0, 0, 0, 0, 0, 1, 1, 0, 0, 0, 0, 0, 0, 0, 0, 0, 0, 0, 6, 0, 6, 0, 0, 0, 0, 0, 0, 0, 0, 0, 0, 0, 0, 0, 0, 0, 1] # RootA2:1,RootB1:1,RootC1:1,PconfirmBA:1,PblkBC:1,PblkAB2:6,PblkAC2:6,Pclear:1
36.92993168315573 [0, 1, 1, 0, 1, 0, 0, 0, 0, 0, 0, 0, 1, 0, 0, 0, 0, 0, 0, 0, 0, 0, 0, 0, 6, 0, 6, 0, 0, 0, 0, 0, 0, 0, 0, 0, 0, 0, 0, 0, 0, 0, 1] # RootA2:1,RootB1:1,RootC1:1,PblkBC:1,PblkAB2:6,PblkAC2:6,Pclear:1
37.088435394854415 [0, 1, 1, 0, 1, 0, 0, 0, 0, 0, 0, 0, 0, 1, 0, 0, 0, 0, 0, 0, 0, 0, 0, 0, 6, 0, 6, 0, 0, 0, 0, 0, 0, 0, 0, 0, 0, 0, 0, 0, 0, 0, 1] # RootA2:1,RootB1:1,RootC1:1,PconfirmBC:1,PblkAB2:6,PblkAC2:6,Pclear:1
37.088435394854415 [0, 1, 1, 0, 1, 0, 0, 0, 0, 0, 0, 0, 0, 0, 0, 0, 0, 0, 0, 0, 0, 0, 0, 0, 6, 0, 6, 0, 0, 0, 0, 0, 0, 0, 0, 0, 0, 0, 0, 0, 0, 0, 1] # RootA2:1,RootB1:1,RootC1:1,PblkAB2:6,PblkAC2:6,Pclear:1
38.32429650215813 [0, 1, 1, 0, 1, 0, 0, 0, 0, 0, 0, 0, 0, 0, 0, 0, 0, 0, 0, 0, 0, 0, 0, 0, 7, 0, 7, 0, 0, 0, 0, 0, 0, 0, 0, 0, 0, 0, 0, 0, 0, 0, 1] # RootA2:1,RootB1:1,RootC1:1,PblkAB2:7,PblkAC2:7,Pclear:1
39.56290218257395 [0, 1, 1, 0, 1, 0, 0, 0, 0, 0, 0, 0, 0, 0, 0, 0, 0, 0, 0, 0, 0, 0, 0, 0, 8, 0, 8, 0, 0, 0, 0, 0, 0, 0, 0, 0, 0, 0, 0, 0, 0, 0, 1] # RootA2:1,RootB1:1,RootC1:1,PblkAB2:8,PblkAC2:8,Pclear:1
42.08758960123474 [0, 1, 1, 0, 1, 0, 0, 0, 0, 0, 0, 0, 0, 0, 0, 0, 0, 0, 0, 0, 0, 0, 0, 0, 9, 0, 9, 0, 0, 0, 0, 0, 0, 0, 0, 0, 0, 0, 0, 0, 0, 0, 1] # RootA2:1,RootB1:1,RootC1:1,PblkAB2:9,PblkAC2:9,Pclear:1
49.670242885330424 [0, 1, 1, 0, 1, 0, 0, 0, 0, 0, 1, 0, 1, 0, 0, 0, 0, 0, 0, 0, 0, 0, 0, 0, 9, 0, 9, 0, 0, 0, 0, 0, 0, 0, 0, 0, 0, 0, 0, 0, 0, 0, 1] # RootA2:1,RootB1:1,RootC1:1,PblkBA:1,PblkBC:1,PblkAB2:9,PblkAC2:9,Pclear:1
49.6774492695176 [0, 1, 1, 0, 1, 0, 0, 0, 0, 0, 1, 0, 0, 1, 0, 0, 0, 0, 0, 0, 0, 0, 0, 0, 9, 0, 9, 0, 0, 0, 0, 0, 0, 0, 0, 0, 0, 0, 0, 0, 0, 0, 1] # RootA2:1,RootB1:1,RootC1:1,PblkBA:1,PconfirmBC:1,PblkAB2:9,PblkAC2:9,Pclear:1
49.6774492695176 [0, 1, 1, 0, 1, 0, 0, 0, 0, 0, 1, 0, 0, 0, 0, 0, 0, 0, 0, 0, 0, 0, 0, 0, 9, 0, 9, 0, 0, 0, 0, 0, 0, 0, 0, 0, 0, 0, 0, 0, 0, 0, 1] # RootA2:1,RootB1:1,RootC1:1,PblkBA:1,PblkAB2:9,PblkAC2:9,Pclear:1
49.808666047076244 [0, 1, 1, 0, 1, 0, 0, 0, 0, 0, 1, 0, 0, 0, 0, 0, 0, 0, 0, 0, 0, 0, 0, 0, 10, 0, 10, 0, 0, 0, 0, 0, 0, 0, 0, 0, 0, 0, 0, 0, 0, 0, 1] # RootA2:1,RootB1:1,RootC1:1,PblkBA:1,PblkAB2:10,PblkAC2:10,Pclear:1
49.85828456229633 [0, 1, 1, 0, 1, 0, 0, 0, 0, 0, 0, 1, 0, 0, 0, 0, 0, 0, 0, 0, 0, 0, 0, 0, 10, 0, 10, 0, 0, 0, 0, 0, 0, 0, 0, 0, 0, 0, 0, 0, 0, 0, 1] # RootA2:1,RootB1:1,RootC1:1,PconfirmBA:1,PblkAB2:10,PblkAC2:10,Pclear:1
49.85828456229633 [0, 1, 1, 0, 1, 0, 0, 0, 0, 0, 0, 0, 0, 0, 0, 0, 0, 0, 0, 0, 0, 0, 0, 0, 10, 0, 10, 0, 0, 0, 0, 0, 0, 0, 0, 0, 0, 0, 0, 0, 0, 0, 1] # RootA2:1,RootB1:1,RootC1:1,PblkAB2:10,PblkAC2:10,Pclear:1
49.95138262695562 [0, 1, 1, 0, 1, 0, 0, 0, 0, 0, 1, 0, 1, 0, 0, 0, 0, 0, 0, 0, 0, 0, 0, 0, 10, 0, 10, 0, 0, 0, 0, 0, 0, 0, 0, 0, 0, 0, 0, 0, 0, 0, 1] # RootA2:1,RootB1:1,RootC1:1,PblkBA:1,PblkBC:1,PblkAB2:10,PblkAC2:10,Pclear:1
49.96598622238412 [0, 1, 1, 0, 1, 0, 0, 0, 0, 0, 0, 1, 1, 0, 0, 0, 0, 0, 0, 0, 0, 0, 0, 0, 10, 0, 10, 0, 0, 0, 0, 0, 0, 0, 0, 0, 0, 0, 0, 0, 0, 0, 1] # RootA2:1,RootB1:1,RootC1:1,PconfirmBA:1,PblkBC:1,PblkAB2:10,PblkAC2:10,Pclear:1
49.96598622238412 [0, 1, 1, 0, 1, 0, 0, 0, 0, 0, 0, 0, 1, 0, 0, 0, 0, 0, 0, 0, 0, 0, 0, 0, 10, 0, 10, 0, 0, 0, 0, 0, 0, 0, 0, 0, 0, 0, 0, 0, 0, 0, 1] # RootA2:1,RootB1:1,RootC1:1,PblkBC:1,PblkAB2:10,PblkAC2:10,Pclear:1
50.029400916687244 [0, 1, 1, 0, 1, 0, 0, 0, 0, 0, 0, 0, 0, 1, 0, 0, 0, 0, 0, 0, 0, 0, 0, 0, 10, 0, 10, 0, 0, 0, 0, 0, 0, 0, 0, 0, 0, 0, 0, 0, 0, 0, 1] # RootA2:1,RootB1:1,RootC1:1,PconfirmBC:1,PblkAB2:10,PblkAC2:10,Pclear:1
50.029400916687244 [0, 1, 1, 0, 0, 1, 0, 0, 0, 0, 0, 0, 0, 1, 0, 0, 0, 0, 0, 0, 0, 0, 0, 0, 10, 0, 10, 0, 0, 0, 0, 0, 0, 0, 0, 0, 0, 0, 0, 0, 0, 0, 1] # RootA2:1,RootB1:1,RootC2:1,PconfirmBC:1,PblkAB2:10,PblkAC2:10,Pclear:1
50.029400916687244 [0, 1, 1, 0, 0, 1, 0, 0, 0, 0, 0, 0, 0, 0, 0, 0, 0, 0, 0, 0, 0, 0, 0, 0, 10, 0, 10, 0, 0, 0, 0, 0, 0, 0, 0, 0, 0, 0, 0, 0, 0, 0, 1] # RootA2:1,RootB1:1,RootC2:1,PblkAB2:10,PblkAC2:10,Pclear:1
51.25938131172584 [0, 1, 1, 0, 0, 1, 0, 0, 0, 0, 0, 0, 0, 0, 0, 0, 0, 0, 0, 0, 0, 0, 0, 0, 11, 0, 11, 0, 0, 0, 0, 0, 0, 0, 0, 0, 0, 0, 0, 0, 0, 0, 1] # RootA2:1,RootB1:1,RootC2:1,PblkAB2:11,PblkAC2:11,Pclear:1
51.48558724194266 [0, 1, 1, 0, 0, 1, 0, 0, 0, 0, 1, 0, 1, 0, 0, 0, 0, 0, 0, 0, 0, 0, 0, 0, 11, 0, 11, 0, 0, 0, 0, 0, 0, 0, 0, 0, 0, 0, 0, 0, 0, 0, 1] # RootA2:1,RootB1:1,RootC2:1,PblkBA:1,PblkBC:1,PblkAB2:11,PblkAC2:11,Pclear:1
51.52400080129201 [0, 1, 1, 0, 0, 1, 0, 0, 0, 0, 1, 0, 0, 1, 0, 0, 0, 0, 0, 0, 0, 0, 0, 0, 11, 0, 11, 0, 0, 0, 0, 0, 0, 0, 0, 0, 0, 0, 0, 0, 0, 0, 1] # RootA2:1,RootB1:1,RootC2:1,PblkBA:1,PconfirmBC:1,PblkAB2:11,PblkAC2:11,Pclear:1
51.52400080129201 [0, 1, 1, 0, 0, 1, 0, 0, 0, 0, 1, 0, 0, 0, 0, 0, 0, 0, 0, 0, 0, 0, 0, 0, 11, 0, 11, 0, 0, 0, 0, 0, 0, 0, 0, 0, 0, 0, 0, 0, 0, 0, 1] # RootA2:1,RootB1:1,RootC2:1,PblkBA:1,PblkAB2:11,PblkAC2:11,Pclear:1
51.531498395551004 [0, 1, 1, 0, 0, 1, 0, 0, 0, 0, 0, 1, 0, 0, 0, 0, 0, 0, 0, 0, 0, 0, 0, 0, 11, 0, 11, 0, 0, 0, 0, 0, 0, 0, 0, 0, 0, 0, 0, 0, 0, 0, 1] # RootA2:1,RootB1:1,RootC2:1,PconfirmBA:1,PblkAB2:11,PblkAC2:11,Pclear:1
51.531498395551004 [0, 1, 1, 0, 0, 1, 0, 0, 0, 0, 0, 0, 0, 0, 0, 0, 0, 0, 0, 0, 0, 0, 0, 0, 11, 0, 11, 0, 0, 0, 0, 0, 0, 0, 0, 0, 0, 0, 0, 0, 0, 0, 1] # RootA2:1,RootB1:1,RootC2:1,PblkAB2:11,PblkAC2:11,Pclear:1
52.43498345507861 [0, 1, 1, 0, 0, 1, 0, 0, 0, 0, 0, 0, 0, 0, 0, 0, 0, 0, 0, 0, 0, 0, 0, 0, 12, 0, 12, 0, 0, 0, 0, 0, 0, 0, 0, 0, 0, 0, 0, 0, 0, 0, 1] # RootA2:1,RootB1:1,RootC2:1,PblkAB2:12,PblkAC2:12,Pclear:1
57.299579600037696 [0, 1, 1, 0, 0, 1, 0, 0, 0, 0, 0, 0, 0, 0, 0, 0, 0, 0, 0, 0, 0, 0, 0, 0, 12, 0, 12, 0, 0, 0, 0, 0, 1, 0, 1, 0, 0, 0, 0, 0, 0, 0, 1] # RootA2:1,RootB1:1,RootC2:1,PblkAB2:12,PblkAC2:12,PblkCA2:1,PblkCB2:1,Pclear:1
58.24779266855208 [0, 1, 1, 0, 0, 1, 0, 0, 0, 0, 0, 0, 0, 0, 0, 0, 0, 0, 0, 0, 0, 0, 0, 0, 12, 0, 12, 0, 0, 0, 0, 0, 2, 0, 2, 0, 0, 0, 0, 0, 0, 0, 1] # RootA2:1,RootB1:1,RootC2:1,PblkAB2:12,PblkAC2:12,PblkCA2:2,PblkCB2:2,Pclear:1
62.205102389024866 [0, 1, 1, 0, 0, 1, 0, 0, 0, 0, 0, 0, 0, 0, 0, 0, 0, 0, 0, 0, 0, 0, 0, 0, 12, 0, 12, 0, 0, 0, 0, 0, 3, 0, 3, 0, 0, 0, 0, 0, 0, 0, 1] # RootA2:1,RootB1:1,RootC2:1,PblkAB2:12,PblkAC2:12,PblkCA2:3,PblkCB2:3,Pclear:1
63.49850972902999 [0, 1, 1, 0, 0, 1, 0, 0, 0, 0, 0, 0, 0, 0, 0, 0, 0, 0, 0, 0, 0, 0, 0, 0, 13, 0, 13, 0, 0, 0, 0, 0, 3, 0, 3, 0, 0, 0, 0, 0, 0, 0, 1] # RootA2:1,RootB1:1,RootC2:1,PblkAB2:13,PblkAC2:13,PblkCA2:3,PblkCB2:3,Pclear:1
65.37081888696885 [0, 1, 1, 0, 0, 1, 0, 0, 0, 0, 0, 0, 0, 0, 0, 0, 0, 0, 0, 0, 0, 0, 0, 0, 13, 0, 13, 0, 0, 0, 0, 0, 4, 0, 4, 0, 0, 0, 0, 0, 0, 0, 1] # RootA2:1,RootB1:1,RootC2:1,PblkAB2:13,PblkAC2:13,PblkCA2:4,PblkCB2:4,Pclear:1
66.12949859132083 [0, 1, 1, 0, 0, 1, 0, 0, 0, 0, 1, 0, 1, 0, 0, 0, 0, 0, 0, 0, 0, 0, 0, 0, 13, 0, 13, 0, 0, 0, 0, 0, 4, 0, 4, 0, 0, 0, 0, 0, 0, 0, 1] # RootA2:1,RootB1:1,RootC2:1,PblkBA:1,PblkBC:1,PblkAB2:13,PblkAC2:13,PblkCA2:4,PblkCB2:4,Pclear:1
66.14925220227022 [0, 1, 1, 0, 0, 1, 0, 0, 0, 0, 1, 0, 0, 1, 0, 0, 0, 0, 0, 0, 0, 0, 0, 0, 13, 0, 13, 0, 0, 0, 0, 0, 4, 0, 4, 0, 0, 0, 0, 0, 0, 0, 1] # RootA2:1,RootB1:1,RootC2:1,PblkBA:1,PconfirmBC:1,PblkAB2:13,PblkAC2:13,PblkCA2:4,PblkCB2:4,Pclear:1
66.14925220227022 [0, 1, 1, 0, 0, 1, 0, 0, 0, 0, 1, 0, 0, 0, 0, 0, 0, 0, 0, 0, 0, 0, 0, 0, 13, 0, 13, 0, 0, 0, 0, 0, 4, 0, 4, 0, 0, 0, 0, 0, 0, 0, 1] # RootA2:1,RootB1:1,RootC2:1,PblkBA:1,PblkAB2:13,PblkAC2:13,PblkCA2:4,PblkCB2:4,Pclear:1
66.22070656662832 [0, 1, 1, 0, 0, 1, 0, 0, 0, 0, 0, 1, 0, 0, 0, 0, 0, 0, 0, 0, 0, 0, 0, 0, 13, 0, 13, 0, 0, 0, 0, 0, 4, 0, 4, 0, 0, 0, 0, 0, 0, 0, 1] # RootA2:1,RootB1:1,RootC2:1,PconfirmBA:1,PblkAB2:13,PblkAC2:13,PblkCA2:4,PblkCB2:4,Pclear:1
66.22070656662832 [0, 1, 1, 0, 0, 1, 0, 0, 0, 0, 0, 0, 0, 0, 0, 0, 0, 0, 0, 0, 0, 0, 0, 0, 13, 0, 13, 0, 0, 0, 0, 0, 4, 0, 4, 0, 0, 0, 0, 0, 0, 0, 1] # RootA2:1,RootB1:1,RootC2:1,PblkAB2:13,PblkAC2:13,PblkCA2:4,PblkCB2:4,Pclear:1
68.96335629640451 [0, 1, 1, 0, 0, 1, 0, 0, 0, 0, 0, 0, 0, 0, 0, 0, 0, 0, 0, 0, 0, 0, 0, 0, 14, 0, 14, 0, 0, 0, 0, 0, 4, 0, 4, 0, 0, 0, 0, 0, 0, 0, 1] # RootA2:1,RootB1:1,RootC2:1,PblkAB2:14,PblkAC2:14,PblkCA2:4,PblkCB2:4,Pclear:1
70.06426061997172 [0, 1, 1, 0, 0, 1, 0, 0, 0, 0, 1, 0, 1, 0, 0, 0, 0, 0, 0, 0, 0, 0, 0, 0, 14, 0, 14, 0, 0, 0, 0, 0, 4, 0, 4, 0, 0, 0, 0, 0, 0, 0, 1] # RootA2:1,RootB1:1,RootC2:1,PblkBA:1,PblkBC:1,PblkAB2:14,PblkAC2:14,PblkCA2:4,PblkCB2:4,Pclear:1
70.10887612620482 [0, 1, 1, 0, 0, 1, 0, 0, 0, 0, 1, 0, 0, 1, 0, 0, 0, 0, 0, 0, 0, 0, 0, 0, 14, 0, 14, 0, 0, 0, 0, 0, 4, 0, 4, 0, 0, 0, 0, 0, 0, 0, 1] # RootA2:1,RootB1:1,RootC2:1,PblkBA:1,PconfirmBC:1,PblkAB2:14,PblkAC2:14,PblkCA2:4,PblkCB2:4,Pclear:1
70.10887612620482 [0, 1, 1, 0, 0, 1, 0, 0, 0, 0, 1, 0, 0, 0, 0, 0, 0, 0, 0, 0, 0, 0, 0, 0, 14, 0, 14, 0, 0, 0, 0, 0, 4, 0, 4, 0, 0, 0, 0, 0, 0, 0, 1] # RootA2:1,RootB1:1,RootC2:1,PblkBA:1,PblkAB2:14,PblkAC2:14,PblkCA2:4,PblkCB2:4,Pclear:1
70.17460165213828 [0, 1, 1, 0, 0, 1, 0, 0, 0, 0, 0, 1, 0, 0, 0, 0, 0, 0, 0, 0, 0, 0, 0, 0, 14, 0, 14, 0, 0, 0, 0, 0, 4, 0, 4, 0, 0, 0, 0, 0, 0, 0, 1] # RootA2:1,RootB1:1,RootC2:1,PconfirmBA:1,PblkAB2:14,PblkAC2:14,PblkCA2:4,PblkCB2:4,Pclear:1
70.17460165213828 [0, 1, 1, 0, 0, 1, 0, 0, 0, 0, 0, 0, 0, 0, 0, 0, 0, 0, 0, 0, 0, 0, 0, 0, 14, 0, 14, 0, 0, 0, 0, 0, 4, 0, 4, 0, 0, 0, 0, 0, 0, 0, 1] # RootA2:1,RootB1:1,RootC2:1,PblkAB2:14,PblkAC2:14,PblkCA2:4,PblkCB2:4,Pclear:1
70.94532569542856 [0, 1, 1, 0, 0, 1, 0, 0, 0, 0, 0, 0, 0, 0, 0, 0, 0, 0, 0, 0, 0, 0, 0, 0, 15, 0, 15, 0, 0, 0, 0, 0, 4, 0, 4, 0, 0, 0, 0, 0, 0, 0, 1] # RootA2:1,RootB1:1,RootC2:1,PblkAB2:15,PblkAC2:15,PblkCA2:4,PblkCB2:4,Pclear:1
79.7222490671602 [0, 1, 1, 0, 0, 1, 0, 0, 0, 0, 1, 0, 1, 0, 0, 0, 0, 0, 0, 0, 0, 0, 0, 0, 15, 0, 15, 0, 0, 0, 0, 0, 4, 0, 4, 0, 0, 0, 0, 0, 0, 0, 1] # RootA2:1,RootB1:1,RootC2:1,PblkBA:1,PblkBC:1,PblkAB2:15,PblkAC2:15,PblkCA2:4,PblkCB2:4,Pclear:1
79.77452974904577 [0, 1, 1, 0, 0, 1, 0, 0, 0, 0, 1, 0, 0, 1, 0, 0, 0, 0, 0, 0, 0, 0, 0, 0, 15, 0, 15, 0, 0, 0, 0, 0, 4, 0, 4, 0, 0, 0, 0, 0, 0, 0, 1] # RootA2:1,RootB1:1,RootC2:1,PblkBA:1,PconfirmBC:1,PblkAB2:15,PblkAC2:15,PblkCA2:4,PblkCB2:4,Pclear:1
79.77452974904577 [0, 1, 1, 0, 0, 1, 0, 0, 0, 0, 1, 0, 0, 0, 0, 0, 0, 0, 0, 0, 0, 0, 0, 0, 15, 0, 15, 0, 0, 0, 0, 0, 4, 0, 4, 0, 0, 0, 0, 0, 0, 0, 1] # RootA2:1,RootB1:1,RootC2:1,PblkBA:1,PblkAB2:15,PblkAC2:15,PblkCA2:4,PblkCB2:4,Pclear:1
79.86457812801436 [0, 1, 1, 0, 0, 1, 0, 0, 0, 0, 0, 1, 0, 0, 0, 0, 0, 0, 0, 0, 0, 0, 0, 0, 15, 0, 15, 0, 0, 0, 0, 0, 4, 0, 4, 0, 0, 0, 0, 0, 0, 0, 1] # RootA2:1,RootB1:1,RootC2:1,PconfirmBA:1,PblkAB2:15,PblkAC2:15,PblkCA2:4,PblkCB2:4,Pclear:1
79.86457812801436 [0, 1, 1, 0, 0, 1, 0, 0, 0, 0, 0, 0, 0, 0, 0, 0, 0, 0, 0, 0, 0, 0, 0, 0, 15, 0, 15, 0, 0, 0, 0, 0, 4, 0, 4, 0, 0, 0, 0, 0, 0, 0, 1] # RootA2:1,RootB1:1,RootC2:1,PblkAB2:15,PblkAC2:15,PblkCA2:4,PblkCB2:4,Pclear:1
87.7842627950213 [0, 1, 1, 0, 0, 1, 0, 0, 0, 0, 0, 0, 0, 0, 0, 0, 0, 0, 0, 0, 0, 0, 0, 0, 16, 0, 16, 0, 0, 0, 0, 0, 4, 0, 4, 0, 0, 0, 0, 0, 0, 0, 1] # RootA2:1,RootB1:1,RootC2:1,PblkAB2:16,PblkAC2:16,PblkCA2:4,PblkCB2:4,Pclear:1
94.40922873830644 [0, 1, 1, 0, 0, 1, 0, 0, 0, 0, 0, 0, 0, 0, 0, 0, 0, 0, 0, 0, 0, 0, 0, 0, 17, 0, 17, 0, 0, 0, 0, 0, 4, 0, 4, 0, 0, 0, 0, 0, 0, 0, 1] # RootA2:1,RootB1:1,RootC2:1,PblkAB2:17,PblkAC2:17,PblkCA2:4,PblkCB2:4,Pclear:1
96.89907083509449 [0, 1, 1, 0, 0, 1, 0, 0, 0, 0, 0, 0, 0, 0, 0, 0, 0, 0, 0, 0, 0, 0, 0, 0, 17, 0, 17, 0, 0, 0, 0, 0, 5, 0, 5, 0, 0, 0, 0, 0, 0, 0, 1] # RootA2:1,RootB1:1,RootC2:1,PblkAB2:17,PblkAC2:17,PblkCA2:5,PblkCB2:5,Pclear:1
97.1989769556232 [0, 1, 1, 0, 0, 1, 0, 0, 0, 0, 1, 0, 1, 0, 0, 0, 0, 0, 0, 0, 0, 0, 0, 0, 17, 0, 17, 0, 0, 0, 0, 0, 5, 0, 5, 0, 0, 0, 0, 0, 0, 0, 1] # RootA2:1,RootB1:1,RootC2:1,PblkBA:1,PblkBC:1,PblkAB2:17,PblkAC2:17,PblkCA2:5,PblkCB2:5,Pclear:1
97.35722582278002 [0, 1, 1, 0, 0, 1, 0, 0, 0, 0, 1, 0, 0, 1, 0, 0, 0, 0, 0, 0, 0, 0, 0, 0, 17, 0, 17, 0, 0, 0, 0, 0, 5, 0, 5, 0, 0, 0, 0, 0, 0, 0, 1] # RootA2:1,RootB1:1,RootC2:1,PblkBA:1,PconfirmBC:1,PblkAB2:17,PblkAC2:17,PblkCA2:5,PblkCB2:5,Pclear:1
97.35722582278002 [0, 1, 1, 0, 0, 1, 0, 0, 0, 0, 1, 0, 0, 0, 0, 0, 0, 0, 0, 0, 0, 0, 0, 0, 17, 0, 17, 0, 0, 0, 0, 0, 5, 0, 5, 0, 0, 0, 0, 0, 0, 0, 1] # RootA2:1,RootB1:1,RootC2:1,PblkBA:1,PblkAB2:17,PblkAC2:17,PblkCA2:5,PblkCB2:5,Pclear:1
97.41478611520807 [0, 1, 1, 0, 0, 1, 0, 0, 0, 0, 0, 1, 0, 0, 0, 0, 0, 0, 0, 0, 0, 0, 0, 0, 17, 0, 17, 0, 0, 0, 0, 0, 5, 0, 5, 0, 0, 0, 0, 0, 0, 0, 1] # RootA2:1,RootB1:1,RootC2:1,PconfirmBA:1,PblkAB2:17,PblkAC2:17,PblkCA2:5,PblkCB2:5,Pclear:1
97.41478611520807 [0, 1, 1, 0, 0, 1, 0, 0, 0, 0, 0, 0, 0, 0, 0, 0, 0, 0, 0, 0, 0, 0, 0, 0, 17, 0, 17, 0, 0, 0, 0, 0, 5, 0, 5, 0, 0, 0, 0, 0, 0, 0, 1] # RootA2:1,RootB1:1,RootC2:1,PblkAB2:17,PblkAC2:17,PblkCA2:5,PblkCB2:5,Pclear:1
108.58859160427717 [0, 1, 1, 0, 0, 1, 0, 0, 0, 0, 0, 0, 0, 0, 0, 0, 0, 0, 0, 0, 0, 0, 0, 0, 18, 0, 18, 0, 0, 0, 0, 0, 5, 0, 5, 0, 0, 0, 0, 0, 0, 0, 1] # RootA2:1,RootB1:1,RootC2:1,PblkAB2:18,PblkAC2:18,PblkCA2:5,PblkCB2:5,Pclear:1